f01: 0.897
1. 0.90
2. 0.92
3. 0.86
4. 0.93
5. 0.91
6. 0.85
7. 0.87
8. 0.92
9. 0.90
10. 0.89
11. 0.90
12. 0.91
13. 0.90
14. 0.90
15. 0.90
16. 0.90
17. 0.91
18. 0.89
19. 0.90
20. 0.88

f02: 0.916

21. 0.93
22. 0.91
23. 0.93
24. 0.90
25. 0.91
26. 0.92
27. 0.92
28. 0.87
29. 0.88
30. 0.92
31. 0.91
32. 0.92
33. 0.92
34. 0.93
35. 0.94
36. 0.92
37. 0.96
38. 0.93
39. 0.88
40. 0.92

f03: 0.9065

41. 0.92
42. 0.85
43. 0.93
44. 0.90
45. 0.84
46. 0.92
47. 0.91
48. 0.92
49. 0.86
50. 0.93
51. 0.92
52. 0.91
53. 0.92
54. 0.90
55. 0.92
56. 0.92
57. 0.89
58. 0.93
59. 0.94
60. 0.90